$ 1 0.000005 10.20027730826997 50 5 43 5e-11
155 192 304 240 304 6144 0
155 304 304 352 304 6144 0
155 416 304 464 304 6144 0
155 528 304 576 304 6144 0
R 256 400 96 400 1 2 100 2.5 2.5 0 0.5
w 256 400 256 368 0
w 256 400 368 400 0
w 368 400 368 368 0
w 368 400 480 400 0
w 480 400 480 368 0
w 480 400 592 400 0
w 592 400 592 368 0
w 176 464 224 464 0
w 224 464 224 368 0
w 176 512 336 512 0
w 336 512 336 368 0
150 784 224 832 224 0 3 0 5
150 784 16 832 16 0 4 0 5
150 784 96 832 96 0 2 0 5
150 784 160 832 160 0 3 0 5
150 784 -64 832 -64 0 3 0 5
150 784 -128 832 -128 0 2 0 5
150 784 -192 832 -192 0 3 0 5
150 784 -256 832 -256 0 2 0 5
150 784 -320 832 -320 0 2 0 5
w 240 272 240 208 0
w 272 272 272 -144 0
w 400 272 384 272 0
w 224 272 240 272 0
w 288 272 272 272 0
w 336 272 352 272 0
w 384 272 384 0 0
w 352 272 352 224 0
w 464 272 464 176 0
w 496 272 496 -48 0
w 448 272 464 272 0
w 512 272 496 272 0
w 576 272 576 240 0
w 608 272 608 48 0
w 560 272 576 272 0
w 624 272 608 272 0
w 784 -336 272 -336 0
w 784 -304 464 -304 0
w 784 -272 240 -272 0
w 784 -240 496 -240 0
w 784 -208 384 -208 0
w 784 -192 240 -192 0
w 784 -176 608 -176 0
w 784 -144 272 -144 0
w 784 -112 576 -112 0
w 784 -80 240 -80 0
w 784 -64 352 -64 0
w 784 -48 496 -48 0
w 784 -16 240 -16 0
w 784 0 384 0 0
w 784 32 464 32 0
w 784 48 608 48 0
w 784 80 240 80 0
w 784 112 576 112 0
w 784 144 240 144 0
w 784 160 352 160 0
w 784 176 464 176 0
w 784 208 240 208 0
w 784 224 352 224 0
w 784 240 576 240 0
152 928 288 928 336 0 3 0 5
152 1008 288 1008 336 0 3 0 5
152 1088 288 1088 336 0 2 0 5
w 832 -320 992 -320 0
w 832 -256 1008 -256 0
w 832 -192 1024 -192 0
w 832 -128 912 -128 0
w 832 -64 928 -64 0
w 832 16 944 16 0
w 832 96 1072 96 0
w 832 160 1104 160 0
w 832 224 1152 224 0
w 912 288 912 -128 0
w 928 288 928 -64 0
w 944 288 944 16 0
w 992 288 992 -320 0
w 1008 288 1008 -256 0
w 1024 288 1024 -192 0
w 1072 288 1072 96 0
w 1104 288 1104 160 0
207 592 400 672 400 5 clk
w 928 336 928 432 0
w 928 432 560 432 0
w 560 432 560 368 0
w 1008 336 1008 464 0
w 1008 464 448 464 0
w 448 464 448 368 0
w 1152 224 1152 400 0
w 1088 336 1088 448 0
x 765 505 807 508 4 40 y1
x 762 416 804 419 4 40 y0
w 576 240 576 112 0
w 352 224 352 160 0
w 240 208 240 144 0
w 464 176 464 32 0
w 352 160 352 -64 0
w 240 144 240 80 0
w 240 80 240 -16 0
w 576 112 576 -112 0
w 608 48 608 -176 0
w 464 32 464 -304 0
w 384 0 384 -208 0
w 240 -16 240 -80 0
w 352 -64 352 -384 0
w 496 -48 496 -240 0
w 240 -80 240 -192 0
w 576 -112 576 -384 0
w 272 -144 272 -336 0
w 240 -192 240 -272 0
w 384 -208 384 -384 0
w 496 -240 496 -384 0
w 240 -272 240 -384 0
w 464 -304 464 -384 0
w 272 -336 272 -384 0
w 992 -320 1152 -320 0
w 1008 -256 1152 -256 0
w 1024 -192 1152 -192 0
w 912 -128 1152 -128 0
w 928 -64 1152 -64 0
w 944 16 1152 16 0
w 1072 96 1152 96 0
w 1104 160 1152 160 0
w 608 -176 608 -384 0
207 1152 400 1232 400 4 z2
207 1088 448 1232 448 4 z1
x 37 473 79 476 4 40 x1
x 35 522 77 525 4 40 x2
x 1249 459 1291 462 4 40 z1
x 1251 410 1293 413 4 40 z2
207 928 432 960 432 4 y0
207 1008 464 1040 464 4 y1
x 15 407 63 410 4 40 clk
418 176 464 96 464 0 1 40 5 0 0 0.5 x1
418 176 512 96 512 0 1 40 5 0 0 0.5 x2
207 224 464 256 464 4 x1
207 336 512 368 512 4 x2
403 -128 -368 208 -320 0 4_64_0_4102_5_0.0001_-1_2_4_3_clk
403 -128 -304 208 -256 0 137_64_0_4102_0.0000762939453125_0.1_-1_2_137_3_x1
403 -128 -240 208 -192 0 138_64_0_4102_0.0000762939453125_0.1_-1_2_138_3_x2
403 -128 -176 208 -128 0 134_64_0_4102_0.0000762939453125_0.1_-1_2_134_3_y0
403 -128 -112 208 -64 0 135_64_0_4102_0.0000762939453125_0.1_-1_2_135_3_y1
403 -128 16 208 64 0 128_64_0_4102_0.0000762939453125_0.1_-1_2_128_3_z2
403 -128 -48 208 0 0 129_64_0_4102_0.0000762939453125_0.1_-1_2_129_3_z1
